Bleu_1: 0.130794
Bleu_2: 0.023198
Bleu_3: 0.005850
Bleu_4: 0.000000
METEOR: 0.082606
ROUGE_L: 0.144420
CIDEr: 0.098436

