Bleu_1: 0.118078
Bleu_2: 0.011017
Bleu_3: 0.000000
Bleu_4: 0.000000
METEOR: 0.045804
ROUGE_L: 0.133247
CIDEr: 0.042604

